3 0.176794 0.734095 0.121126 0.045677
2 0.145595 0.665674 0.291191 0.361963
2 0.064233 0.418434 0.126020 0.145188
4 0.480220 0.809951 0.184747 0.380098
4 0.650897 0.745514 0.105220 0.440457
4 0.777529 0.733279 0.106444 0.464927
4 0.877243 0.725938 0.075856 0.495922
4 0.702896 0.513866 0.055057 0.159869
4 0.359706 0.551387 0.073409 0.221860
4 0.469209 0.553018 0.099103 0.192496
4 0.945759 0.499184 0.056281 0.127243
4 0.856444 0.465742 0.053834 0.047308
4 0.763458 0.457586 0.034258 0.106036
4 0.565253 0.434747 0.063622 0.154976
4 0.359706 0.400489 0.428222 0.135400
